-1.14109039563611 -0.9990144069515225 -0.7033490228901333 -1.0977583027367759 0.11704440982051079
-0.4136398548955502 -1.231962352382979 -1.0801017189873352 -1.0698312408352368 0.11024590732914458
-0.7464436497782949 -1.001101753236855 -1.2456670484643502 -0.9428983321005029 0.12204165251623728
-0.9963696448315786 -0.8648481981754244 -0.7117662641533931 -1.323874900521472 0.09926500613819222
-1.062417312550488 -0.9079780037765472 -0.8954778346051693 -1.1157597349754618 0.08651714548890754
-1.015230949421736 -0.8127810396877497 -0.8863465283404506 -1.234207034985881 0.12936053578894985
-0.8724258278915951 -1.2624630479028336 -0.39206163957601303 -1.2212218437102351 0.13981862642254367
-1.336998056043431 -0.9782295461612209 -1.0398544382943122 -0.4174550111573607 0.1458891090782201
-1.0376219656683174 -0.5978172456044475 -1.3763659951927496 -0.8195095659446414 0.11222831989191923
-1.1066784166044774 -1.2958361562770997 -0.6122579331753046 -0.8492087293372819 0.12061773610443044



-0.001893838795472471 -0.0018759496914656747 -0.0005168973552633037 -0.003536607030884518 4.286051771384969e-06
0.0027108864783641252 0.000858670157016659 -0.003663312244557213 -0.0005742846902371014 6.14209580962477e-06
-0.003549480514875112 -0.0005586339733853161 -0.0037710894684836217 0.0036503646021433835 1.0423331220477117e-05
0.0031986113712970422 0.0032775053207657924 -0.0002336517403779513 0.003629230317953886 9.465097660310562e-06
-0.0010358494244274465 0.0004444886869075827 0.002509328491317662 0.004371275048102061 4.030508271690714e-06
-0.004546962056742073 -0.0012870476014342526 0.0024486192557076937 0.0026692970272557993 1.26503069903805e-05
0.0014146122865129375 -0.00031032525432097766 -0.0013435743818394318 -0.00013170174849399738 1.3286523981026477e-06
-0.0031442870223367426 0.0045535720968578365 -0.00352816312494034 0.003695583976848802 1.3922953095213408e-05
-0.001587188177374934 -0.003038453157335006 0.0022881797485160525 -0.001437103374024893 4.703173218545409e-06
-0.0007896266359172198 0.0033841940438240938 0.004373864890017485 -0.00335427106640954 7.78037940996068e-06
