h(x) - 20 s
-0.7065533076743886 -0.7766443913322396 -1.2473838279841498 -1.158299587286539 0.09330794619414284
-0.443672101942047 -1.1526520484863148 -1.1162215367501154 -1.1084173888767546 0.09905879411226481
-1.2433609032918738 -1.312727985945128 -0.5390498256420342 -0.6634935411027746 0.0870058080132276
-1.0792025757164145 -1.0564482494786582 -1.1101178214381044 -0.6977611691458274 0.06493652481704937
-0.5633404504972698 -0.816725585689346 -1.5031858694462885 -0.8695012776829215 0.11254364695216179
-0.8580886706450879 -1.0933238562448375 -1.1291888295023407 -0.8906566423683089 0.06326358582541503
-1.25961294875962 -0.4868079312076382 -0.4596396549694389 -1.4018264895289754 0.14971635572251557
-1.032795034448323 -0.818240596025125 -1.3044606099853144 -0.7498231635419167 0.10087244705326043
-0.850650519368548 -0.8281334125316563 -1.3590493089233933 -0.8623132556468451 0.08179382245280836
-0.9527074473074775 -0.7039875838926872 -1.0884553288412269 -1.1882689373282207 0.09181282689843784


g(x) - 20 s
0.0004900334951027999 -0.00012346366255510527 -0.0004018276119728192 0.0002238798129079525 1.5717014201221957e-07
-0.00017696851828675336 0.0003629085859826386 8.91694382736466e-05 9.700672103297309e-05 5.113116929855721e-08
0.00046004513473797 -0.00011434090078488862 -0.00030138533718481516 0.00038833052677123697 1.4319473262691673e-07
-0.00036178223811268034 6.458190477253573e-05 -0.0004654118644302832 0.00037878713464046393 1.2064600929395652e-07
-0.00040467450201619234 -0.0004500809675800424 -0.00027356069245742295 -0.000437144939991814 1.6904153898877894e-07
3.983818688199636e-07 -3.3739408255788195e-05 2.0823228713003072e-05 -0.00013683087190474036 2.702343793181683e-09
3.0624055215026924e-05 0.0002090545457604856 0.00023957119037654878 -0.00013032180291661782 2.3113319369549856e-08
1.0998018296966283e-05 -5.093559248702667e-05 9.481973324531462e-05 -0.000240766319039124 9.471021744644759e-09
-0.00041496889094550654 0.0004515423312150338 0.0003246904004240358 -0.00041440806193958953 1.7627290715971355e-07
-0.00016345756084700652 0.0003197606375961925 0.00017419501053094616 0.0002011055808242082 4.908358930411083e-08
